Initial BitLen: 3 	 10 trials per BitLen 
BitLen 	 CPU time used 	 n 	 public key 	 private key
3 	 0.0 	 49 	 5 	 29
3 	 0.0 	 35 	 5 	 5
3 	 0.0 	 49 	 5 	 29
3 	 0.0 	 49 	 7 	 31
3 	 0.0 	 35 	 5 	 5
3 	 0.0 	 49 	 5 	 29
3 	 0.0 	 35 	 7 	 7
3 	 0.0 	 35 	 5 	 5
3 	 0.0 	 25 	 5 	 13
3 	 0.0 	 49 	 5 	 29
4 	 0.0 	 121 	 9 	 89
4 	 0.0 	 169 	 13 	 133
4 	 0.0 	 121 	 13 	 77
4 	 0.0 	 143 	 13 	 37
4 	 0.0 	 169 	 11 	 131
4 	 0.0 	 169 	 11 	 131
4 	 0.0 	 143 	 13 	 37
4 	 0.0 	 169 	 11 	 131
4 	 0.0 	 169 	 11 	 131
4 	 0.0 	 143 	 13 	 37
5 	 0.0 	 391 	 25 	 169
5 	 0.0 	 961 	 31 	 871
5 	 0.0 	 391 	 23 	 199
5 	 0.0 	 841 	 17 	 369
5 	 0.0 	 289 	 31 	 223
5 	 0.0 	 589 	 29 	 149
5 	 0.0 	 493 	 25 	 233
5 	 0.0 	 713 	 23 	 287
5 	 0.0 	 667 	 27 	 251
5 	 0.0 	 589 	 17 	 413
6 	 0.0 	 3721 	 49 	 1249
6 	 0.0 	 2419 	 41 	 1641
6 	 0.0 	 2809 	 59 	 275
6 	 0.0 	 1961 	 49 	 1681
6 	 0.0 	 2183 	 59 	 1451
6 	 0.0 	 1369 	 43 	 211
6 	 0.0 	 1517 	 43 	 67
6 	 0.0 	 2491 	 43 	 1947
6 	 0.0 	 1591 	 53 	 485
6 	 0.0 	 2021 	 59 	 131
7 	 0.0 	 12091 	 79 	 9167
7 	 0.0 	 11663 	 121 	 9745
7 	 0.0 	 12317 	 97 	 10849
7 	 0.0 	 10057 	 65 	 2881
7 	 0.0 	 12317 	 107 	 7235
7 	 0.0 	 9271 	 67 	 8395
7 	 0.0 	 5893 	 73 	 3617
7 	 0.0 	 6889 	 65 	 5793
7 	 0.0 	 6557 	 77 	 3821
7 	 0.0 	 7303 	 79 	 5143
8 	 0.0 	 26549 	 137 	 5933
8 	 0.0 	 35611 	 159 	 22375
8 	 0.0 	 33673 	 161 	 1241
8 	 0.0 	 21509 	 209 	 12689
8 	 0.0 	 50429 	 229 	 16369
8 	 0.0 	 32437 	 151 	 19543
8 	 0.0 	 44719 	 221 	 24453
8 	 0.0 	 32437 	 205 	 12361
8 	 0.0 	 41087 	 161 	 19961
8 	 0.0 	 37979 	 161 	 7937
9 	 0.0 	 121673 	 383 	 87167
9 	 0.0 	 71189 	 343 	 35431
9 	 0.0 	 162373 	 439 	 70663
9 	 0.0 	 119143 	 421 	 29821
9 	 0.0 	 76127 	 379 	 4387
9 	 0.0 	 125159 	 343 	 103015
9 	 0.0 	 152849 	 293 	 50861
9 	 0.0 	 111077 	 349 	 949
9 	 0.0 	 180197 	 269 	 62669
9 	 0.0 	 178667 	 407 	 62039
10 	 0.0 	 703009 	 745 	 690961
10 	 0.0 	 772883 	 881 	 459521
10 	 0.0 	 732857 	 983 	 165863
10 	 0.0 	 442081 	 883 	 120795
10 	 0.0 	 909827 	 947 	 391163
10 	 0.0 	 715721 	 989 	 233909
10 	 0.0 	 875053 	 521 	 382121
10 	 0.0 	 580579 	 933 	 556077
10 	 0.0 	 703009 	 617 	 605837
10 	 0.0 	 809639 	 769 	 660769
11 	 0.0 	 1451881 	 1913 	 286409
11 	 0.0 	 2990269 	 1207 	 970023
11 	 0.0 	 2421499 	 1621 	 1961821
11 	 0.0 	 2469977 	 1495 	 1607143
11 	 0.0 	 2058533 	 1459 	 470587
11 	 0.0 	 1545013 	 1057 	 202849
11 	 0.0 	 1656511 	 1913 	 1312409
11 	 0.0 	 3881477 	 1051 	 2021779
11 	 0.0 	 2549243 	 1907 	 887843
11 	 0.0 	 2566573 	 1467 	 1203923
12 	 0.015625 	 10908929 	 2503 	 6180715
12 	 0.0 	 8765623 	 2153 	 886937
12 	 0.0 	 10862977 	 2081 	 2911001
12 	 0.015625 	 8501699 	 2539 	 6354235
12 	 0.015625 	 9770297 	 4049 	 701729
12 	 0.015625 	 6589357 	 3281 	 2044901
12 	 0.0 	 7144957 	 2417 	 215633
12 	 0.0 	 12622157 	 3545 	 4355657
12 	 0.015625 	 10709087 	 4019 	 340859
12 	 0.0 	 13854383 	 2723 	 10333067
13 	 0.015625 	 33422111 	 4553 	 14991569
13 	 0.015625 	 31285057 	 6001 	 26713777
13 	 0.015625 	 49579553 	 5821 	 29878921
13 	 0.0 	 30808417 	 4255 	 5023111
13 	 0.015625 	 40913503 	 7953 	 32702841
13 	 0.015625 	 52142579 	 5233 	 46081537
13 	 0.015625 	 49571273 	 5977 	 42832873
13 	 0.015625 	 38354611 	 5615 	 15610031
13 	 0.03125 	 23339851 	 8181 	 11897469
13 	 0.015625 	 42036677 	 5105 	 31972385
14 	 0.03125 	 183177509 	 14551 	 131934631
14 	 0.03125 	 78350009 	 14731 	 14814595
14 	 0.03125 	 130731829 	 10237 	 100039273
14 	 0.03125 	 119442679 	 11125 	 76601053
14 	 0.03125 	 140098247 	 14729 	 45648569
14 	 0.046875 	 237595429 	 15917 	 237280997
14 	 0.03125 	 106447079 	 16039 	 32878759
14 	 0.046875 	 162570701 	 11051 	 89207831
14 	 0.015625 	 198754331 	 8233 	 168312409
14 	 0.046875 	 196097063 	 13111 	 62375359
15 	 0.0625 	 373851691 	 21429 	 145153669
15 	 0.0625 	 584399129 	 24637 	 386064169
15 	 0.109375 	 526739357 	 32159 	 404924255
15 	 0.09375 	 651985123 	 24305 	 292049233
15 	 0.0625 	 481950869 	 18827 	 61175843
15 	 0.046875 	 670767649 	 18901 	 658933885
15 	 0.078125 	 342722473 	 30907 	 220654963
15 	 0.078125 	 438564463 	 30461 	 130357541
15 	 0.078125 	 817340179 	 20945 	 634628017
15 	 0.09375 	 527541241 	 28373 	 484269437
16 	 0.078125 	 2579264081 	 38183 	 1259488247
16 	 0.25 	 3400753981 	 50537 	 3010153057
16 	 0.15625 	 3104261207 	 50627 	 103682171
16 	 0.140625 	 2444521843 	 33521 	 1630757065
16 	 0.140625 	 1715370743 	 48229 	 856274509
16 	 0.109375 	 1991078311 	 46639 	 943306759
16 	 0.140625 	 3763264831 	 43957 	 2733943213
16 	 0.125 	 2593861013 	 40501 	 1551862141
16 	 0.171875 	 2509029587 	 50243 	 2461538795
16 	 0.125 	 2595675083 	 48709 	 1240209037
17 	 0.265625 	 12852411917 	 78509 	 6481669469
17 	 0.34375 	 9151217371 	 100889 	 7948562345
17 	 0.375 	 7233987659 	 117709 	 15609589
17 	 0.40625 	 9483492049 	 115481 	 7934925065
17 	 0.359375 	 13359437899 	 109933 	 12722433277
17 	 0.421875 	 7942390151 	 114209 	 236091809
17 	 0.25 	 6992312497 	 72323 	 1103112107
17 	 0.484375 	 11611637243 	 128453 	 6313860365
17 	 0.28125 	 9685721939 	 74981 	 5203090541
17 	 0.328125 	 11314593337 	 74979 	 419503819
18 	 0.609375 	 43786647587 	 164183 	 2015921447
18 	 0.65625 	 51920016677 	 179929 	 42954997009
18 	 0.796875 	 31280402779 	 231563 	 14415294227
18 	 0.90625 	 21999849191 	 259933 	 5202372949
18 	 0.5 	 37342196897 	 136663 	 4099420903
18 	 1.0625 	 33503054789 	 254033 	 7930664249
18 	 0.765625 	 23392099537 	 172703 	 4151665951
18 	 0.8125 	 40258348847 	 199283 	 8673671099
18 	 0.78125 	 46117445749 	 200531 	 35039604443
18 	 0.71875 	 32348453147 	 187331 	 1647182915
19 	 1.046875 	 154682532611 	 279233 	 35137184897
19 	 1.4375 	 181991352847 	 325051 	 79868975899
19 	 1.34375 	 121457709641 	 313351 	 24806839
19 	 1.578125 	 160687846399 	 390751 	 154458594031
19 	 1.71875 	 130590765307 	 309961 	 42139119825
19 	 2.578125 	 121297854901 	 498651 	 73287268383
19 	 1.265625 	 180936439097 	 345569 	 104035253489
19 	 1.890625 	 106012091821 	 487723 	 2410086787
19 	 1.09375 	 231355279829 	 290287 	 188213530483
19 	 1.328125 	 131170057817 	 327199 	 36802088887
20 	 4.34375 	 819607410719 	 1040431 	 107393178511
20 	 4.234375 	 982780553527 	 707141 	 498035963309
20 	 3.65625 	 553386734273 	 874927 	 8909929231
20 	 4.15625 	 394703432797 	 849871 	 48654193071
20 	 3.28125 	 395655201241 	 824617 	 149237529481
20 	 2.515625 	 688383018727 	 633833 	 530472390857
20 	 2.328125 	 589512056117 	 618937 	 46579879573
20 	 3.25 	 287812677073 	 976961 	 200405593121
20 	 4.0 	 805168675177 	 993373 	 519304605349
20 	 3.28125 	 790546169209 	 804139 	 539257644679
21 	 11.03125 	 2607764396437 	 2033679 	 2096681108519
21 	 9.5625 	 2650439599021 	 1578251 	 1217755678191
21 	 7.953125 	 2574168903437 	 1585429 	 1836318803485
21 	 6.125 	 3406871927971 	 1263917 	 2950759972733
21 	 11.328125 	 2321866317007 	 2010633 	 634738444729
21 	 10.125 	 2638235082787 	 2018689 	 257412951489
21 	 6.84375 	 1809383139569 	 1434319 	 636230429311
21 	 6.640625 	 1942392120209 	 1579147 	 16609018963
21 	 10.046875 	 1463955835627 	 2060999 	 131061895991
21 	 6.8125 	 3686550264437 	 1657259 	 905396203139
22 	 10.65625 	 8752664152913 	 2595779 	 2475999243419
22 	 15.28125 	 9259319387657 	 3400279 	 5040389174119
22 	 15.546875 	 14386854527537 	 3258319 	 3552810313627
22 	 12.5 	 7856822014039 	 2859911 	 7485320279951
22 	 13.8125 	 6004388490619 	 2776157 	 1473038993069
22 	 9.84375 	 9681155864453 	 2287063 	 1020179656807
22 	 12.40625 	 9034961269297 	 2375171 	 2811467990339
22 	 27.296875 	 10845154707769 	 4157107 	 4368616886411
22 	 18.734375 	 10552585050031 	 3591533 	 2311547312845
22 	 10.234375 	 7196292226619 	 2324677 	 2661646405453
23 	 21.375 	 38559098875943 	 4293247 	 32865207866599
23 	 25.890625 	 39971174602657 	 5412541 	 10641051317653
23 	 33.359375 	 23302624386947 	 7747567 	 3301170683023
23 	 38.296875 	 51309121864813 	 7472597 	 5236077090173
23 	 37.171875 	 30335763516229 	 8001397 	 19936925261641
23 	 36.890625 	 27926523747497 	 7676993 	 27634617717809
23 	 19.890625 	 34868169238013 	 4203253 	 26654832180553
23 	 44.390625 	 52205319569399 	 8293913 	 38698680413105
23 	 23.0625 	 29757389480891 	 4980605 	 24827615853077
23 	 31.9375 	 20788890776477 	 6307333 	 20432611913389
24 	 62.640625 	 225298160802019 	 12835729 	 121738876684489
24 	 57.375 	 139103275119637 	 11645965 	 128157991924645
24 	 68.4375 	 182154057651677 	 12506605 	 150932044724761
24 	 64.84375 	 175531178832313 	 13890701 	 117387338565461
24 	 78.53125 	 112977817780171 	 12278095 	 58622545251631
24 	 60.609375 	 116405411813147 	 11411213 	 41506086185405
24 	 69.828125 	 205644197462191 	 13462879 	 49257712327903
24 	 90.796875 	 136295376070459 	 15836459 	 21588795659939
24 	 62.828125 	 104015446617611 	 14789947 	 20667327389683
24 	 59.984375 	 120210000843061 	 14203757 	 95641919072393
25 	 186.171875 	 621565573339343 	 32993147 	 527601069876947
25 	 182.421875 	 406829850209521 	 32222651 	 118528787271539
25 	 89.9375 	 446037397190123 	 21173447 	 318201593471063
25 	 203.6875 	 661677528687667 	 27758867 	 540863944471851
25 	 126.03125 	 438305445497957 	 26701369 	 427693030430089
25 	 90.546875 	 491247023933411 	 16804817 	 221876240733449
25 	 159.546875 	 502986892720007 	 32881339 	 411729214518259
25 	 116.4375 	 553457826519193 	 20845891 	 520025922090379
25 	 149.328125 	 574252468442011 	 21938445 	 199078606592349
25 	 139.3125 	 903102091201181 	 24258203 	 190921088797055
26 	 220.328125 	 3022558746225533 	 42230135 	 2215784487585863
26 	 221.09375 	 1921655146217563 	 33732811 	 959671413678011
26 	 218.65625 	 2287455122718709 	 38775829 	 1215924982278865
26 	 272.078125 	 2234243315986237 	 56076743 	 1119455051743607
26 	 445.703125 	 1861608794694223 	 60179347 	 9828305553643
26 	 312.859375 	 1757336228551481 	 60392771 	 827543473699931
26 	 321.375 	 2647231503431609 	 64056379 	 32016697337779
26 	 306.265625 	 2738051717782739 	 65892641 	 2695423988166761
26 	 415.015625 	 3547855793328709 	 62076549 	 1489240170205177
26 	 189.890625 	 3765578976835057 	 35575331 	 3488044355633891
27 	 521.578125 	 8337481027364609 	 104907167 	 4725934388353823
27 	 449.796875 	 10501696261153931 	 77549243 	 10114589872153355
27 	 499.328125 	 12782156595915599 	 83518853 	 10242236922113765
27 	 755.28125 	 7150198488325313 	 131466671 	 148177811621807
27 	 421.71875 	 9631557268273433 	 71630087 	 2532306869777135
27 	 376.9375 	 11587410216720887 	 79969969 	 6746469903894529
27 	 688.1875 	 13429124793055747 	 106387431 	 10049249499014871
27 	 732.78125 	 7100093582420639 	 132439825 	 4554530504007529
27 	 359.0 	 7537169279895589 	 67134823 	 1220342017465687
27 	 667.828125 	 9976104805040093 	 117367837 	 6482429721683509
28 	 1647.125 	 63639251567090587 	 260666993 	 47583561751526777
28 	 1256.109375 	 28971056365384109 	 203917871 	 566934763193231
28 	 1090.265625 	 44760266738989597 	 149255397 	 7097127924392173
28 	 994.40625 	 21410180896406377 	 189835249 	 15931625000440849
28 	 874.453125 	 60910433414223259 	 137731147 	 27940690170597379
28 	 1481.421875 	 30854841933662497 	 262305011 	 4669574740505267
28 	 1155.453125 	 39995496729854803 	 219726929 	 25649096949035249
28 	 1783.921875 	 21551234948587621 	 217542993 	 11177044365743141
28 	 1762.09375 	 22960118206074979 	 264530885 	 3921746005086397
28 	 1279.375 	 34617393919803403 	 227400431 	 2594245085528591
29 	 2235.71875 	 166739596065229199 	 362772359 	 5384747982230039
29 	 1836.25 	 118831298651514377 	 321548239 	 6459621582925999
29 	 2269.5625 	 225461819032486471 	 300131883 	 105869531015771331
29 	 1770.734375 	 150514530020141477 	 297562073 	 16907218333114601
29 	 3258.203125 	 120203825857905821 	 535348309 	 2623267544516125
29 	 3036.71875 	 110316926671762169 	 493326209 	 102029667130327169
29 	 1717.265625 	 127274476863075947 	 281125895 	 108862174434646319
