Initial BitLen: 5 	 4 trials per BitLen 
BitLen 	 CPU time used 	 n 	 public key 	 private key
5 	 0.0 	 589 	 19 	 199
5 	 0.0 	 527 	 17 	 113
5 	 0.0 	 667 	 23 	 375
5 	 0.0 	 961 	 31 	 871
6 	 0.0 	 2279 	 61 	 2005
6 	 0.0 	 2173 	 41 	 761
6 	 0.0 	 1961 	 43 	 1219
6 	 0.0 	 2491 	 63 	 1215
7 	 0.0 	 6059 	 77 	 2837
7 	 0.0 	 9523 	 123 	 6067
7 	 0.0 	 11663 	 115 	 7267
7 	 0.0 	 8051 	 67 	 235
8 	 0.0 	 44503 	 197 	 17453
8 	 0.0 	 38243 	 187 	 9715
8 	 0.0 	 31373 	 145 	 7057
8 	 0.0 	 27889 	 199 	 22571
9 	 0.0 	 122767 	 417 	 119129
9 	 0.0 	 189857 	 353 	 18737
9 	 0.0 	 155989 	 277 	 25213
9 	 0.0 	 111901 	 281 	 78377
10 	 0.015625 	 525223 	 601 	 149897
10 	 0.0 	 412043 	 733 	 230317
10 	 0.0 	 443623 	 813 	 138181
10 	 0.0 	 580003 	 929 	 103361
11 	 0.015625 	 3605177 	 1693 	 3435457
11 	 0.0 	 1897783 	 1673 	 416825
11 	 0.0 	 1121381 	 1103 	 693071
11 	 0.015625 	 3334259 	 1237 	 296173
12 	 0.0 	 10707793 	 2231 	 3674159
12 	 0.015625 	 10442279 	 2779 	 2414611
12 	 0.015625 	 9248891 	 2219 	 3011483
12 	 0.0 	 10589687 	 2749 	 9308869
13 	 0.03125 	 21510383 	 7309 	 8589829
13 	 0.03125 	 26935397 	 6347 	 19204223
13 	 0.015625 	 38192111 	 5791 	 3560191
13 	 0.046875 	 25654957 	 6821 	 5534253
14 	 0.046875 	 107074547 	 10693 	 22015405
14 	 0.078125 	 76183007 	 16049 	 73465169
14 	 0.046875 	 243261509 	 9299 	 6303743
14 	 0.046875 	 129742267 	 9049 	 65755489
15 	 0.125 	 531505339 	 19149 	 434597333
15 	 0.078125 	 1001054933 	 18685 	 936330301
15 	 0.140625 	 510382967 	 26867 	 409303547
15 	 0.125 	 591132263 	 29009 	 112780409
16 	 0.25 	 2938749577 	 52463 	 960577115
16 	 0.296875 	 2618853089 	 49543 	 25689055
16 	 0.21875 	 2259513947 	 45031 	 564816223
16 	 0.203125 	 1815606797 	 39337 	 1316929945
17 	 0.484375 	 13988932553 	 92291 	 10676098091
17 	 0.765625 	 6800067943 	 116141 	 3105539397
17 	 0.421875 	 15205415857 	 67763 	 7219667327
17 	 0.46875 	 10714159453 	 97649 	 4009900229
18 	 1.015625 	 52181979973 	 201781 	 37865678941
18 	 1.03125 	 27576172313 	 188993 	 20575688837
18 	 1.265625 	 42028088737 	 243211 	 36581771491
18 	 0.84375 	 33796014893 	 132953 	 20477989253
19 	 2.71875 	 102641068837 	 432881 	 62868534641
19 	 2.265625 	 188516009233 	 439877 	 104812441673
19 	 2.359375 	 249711835759 	 436373 	 154535021117
19 	 3.203125 	 217654620049 	 447821 	 77181296581
20 	 7.3125 	 518608901071 	 877641 	 389925986577
20 	 6.359375 	 737874571177 	 954509 	 323999260805
20 	 4.5625 	 535184939699 	 807071 	 137835073487
20 	 5.09375 	 624562698377 	 934891 	 516617656771
21 	 13.234375 	 2321771030539 	 1473547 	 1620323337955
21 	 8.84375 	 2907468759977 	 1295921 	 2892036443345
21 	 13.171875 	 2489301025567 	 1511351 	 634114574087
21 	 8.546875 	 3626806303283 	 1320335 	 1994092421423
22 	 24.53125 	 10516630075013 	 3892211 	 5775645151931
22 	 27.078125 	 11514830240029 	 3451183 	 1161741034511
22 	 21.265625 	 8734024565209 	 3445249 	 4919310338929
22 	 24.6875 	 11799224163031 	 3266267 	 1018229672595
23 	 44.140625 	 30979362955613 	 6634213 	 23440226212717
23 	 52.984375 	 29633557287197 	 7602257 	 23155171118033
23 	 62.984375 	 34414200811567 	 8351917 	 28583451755221
23 	 58.21875 	 46821057860293 	 6953051 	 36417522010451
24 	 62.328125 	 139305548584591 	 9152041 	 79100266496137
24 	 68.703125 	 98234605605317 	 10239761 	 91830270385901
24 	 95.65625 	 158034492181823 	 14154899 	 156868687892459
24 	 97.796875 	 87610955434049 	 15299233 	 70731872226337
25 	 139.796875 	 462138855264859 	 19588403 	 16689950351267
25 	 256.0 	 781283828933437 	 29016477 	 532814872802813
25 	 158.671875 	 397086864079957 	 23860499 	 274419949755899
25 	 162.078125 	 526182602783837 	 23130767 	 198307966687343
26 	 494.125 	 1270895245884997 	 52972447 	 482090338296463
26 	 421.671875 	 2473256381970019 	 42012293 	 1401283180823389
26 	 384.734375 	 1909052388071761 	 53166499 	 1300591055749999
26 	 613.859375 	 1688354433580369 	 56546411 	 330684455287363
27 	 674.0625 	 10070647766055407 	 80496433 	 7123803100520545
27 	 805.6875 	 12521490196061309 	 97691119 	 2467013656078255
27 	 784.53125 	 9638860434740903 	 113365603 	 5236895973442267
27 	 946.609375 	 11090229394092119 	 128814281 	 5900516814442841
28 	 1358.78125 	 35339520342751981 	 167249611 	 9604607212448227
28 	 1806.328125 	 37024323688406167 	 221269633 	 1789131983884609
28 	 1198.265625 	 24364615521729547 	 134580109 	 7694030936775013
28 	 1532.390625 	 34761206883088247 	 221596423 	 34589312078980567
29 	 4423.375 	 239540149501691123 	 523033117 	 66750418363647853
29 	 3631.859375 	 116879939970529207 	 381245633 	 3607298684876321
29 	 3961.8125 	 117250251596699887 	 425022149 	 71001246318439949
29 	 3215.296875 	 173909844770920523 	 436543757 	 157584062979138053
30 	 9562.8125 	 874452044042762539 	 924267583 	 220990008626791887
30 	 9243.609375 	 608997346319534089 	 957257429 	 75853104377829369
30 	 7237.390625 	 545427038741253337 	 1021005023 	 350620857706026647
30 	 5597.59375 	 739630732438378301 	 642565559 	 161917121998278311
